                -78.0590471730
         -0.000017141      -0.000000000       0.000000000
          0.000000000      -0.000017188      -0.000000000
          0.000000000      -0.000000000      -0.000000000
          12
  1     6      -0.000000000      -0.016108838       0.000000000  C
  1     6      -0.014082088      -0.008053917       0.000000000  C
  1     6      -0.014082088       0.008053917       0.000000000  C
  1     6       0.000000000       0.016108838       0.000000000  C
  1     6       0.014082088       0.008053917       0.000000000  C
  1     6       0.014082088      -0.008053917       0.000000000  C
  2     1      -0.000000000       0.026764524      -0.000000000  H
  2     1       0.023177242       0.013381180      -0.000000000  H
  2     1       0.023177242      -0.013381180      -0.000000000  H
  2     1      -0.000000000      -0.026764524      -0.000000000  H
  2     1      -0.023177242      -0.013381180      -0.000000000  H
  2     1      -0.023177242       0.013381180      -0.000000000  H
